"Alabama"	"Alaska"	"Arizona"	"Arkansas"	"California"	"Colorado"	"Connecticut"	"Delaware"	"Florida"	"Georgia"	"Hawaii"	"Idaho"	"Illinois"	"Indiana"	"Iowa"	"Kansas"	"Kentucky"	"Louisiana"	"Maine"	"Maryland"	"Massachusetts"	"Michigan"	"Minnesota"	"Mississippi"	"Missouri"	"Montana"	"Nebraska"	"Nevada"	"New Hampshire"	"New Jersey"	"New Mexico"	"New York"	"North Carolina"	"North Dakota"	"Ohio"	"Oklahoma"	"Oregon"	"Pennsylvania"	"Rhode Island"	"South Carolina"	"South Dakota"	"Tennessee"	"Texas"	"Utah"	"Vermont"	"Virginia"	"Washington"	"West Virginia"	"Wisconsin"	"Wyoming"
"Alabama"	0	2.70375407272785	2.29351973649129	1.28981017284055	3.26311035358017	2.65106729715113	3.2152974808857	2.01929271541135	2.29813525732297	1.13143510536774	3.38853004194038	2.91466233830739	1.87349930291268	2.07614105253149	3.48789515704093	2.29410956186084	1.8475878756292	0.772222449786047	3.48511145871466	1.28964604942115	2.9874810123283	1.88147705864358	3.23143379497363	1.28319066092288	1.6309686187389	2.33172708344499	2.66251695737229	3.10243049531223	3.56198253502473	2.69802295589899	1.59939704172216	2.07236799244856	1.60436621375037	4.06149882421799	2.26985190427467	1.95708743480416	2.37056783153839	2.51613396107214	3.39512971826095	0.915796836825177	3.08355866004516	0.84074892457352	1.64632252885555	3.09060067874644	3.97915271920231	1.48597330807206	2.64818237393008	3.12434708249326	3.50473302343963	1.82910274112743
"Alaska"	2.70375407272785	0	2.70064289655966	2.82603861936663	3.01254149495377	2.32651868894905	4.73991249373856	3.62136333719415	2.99676416049307	2.81943878530311	4.53013401465088	4.05805549796225	3.26706261237309	3.36559522123349	4.72519095496819	3.6808172582923	3.54409029440551	2.96314307441838	4.83226054122342	2.27775897598654	4.37299248196115	2.11549370059835	4.42666059294602	3.2554325818601	2.53605727907396	3.65759878989531	3.9136902070366	2.34431815707173	4.8650685861264	4.17918324709215	2.05808885539426	3.29037689193455	3.24030706134895	5.21102541317751	3.59033477131152	3.34166639950599	2.69906961623322	4.12395365300053	5.06295722792051	2.56405415832612	4.24671980667752	2.33625411232598	3.15279045389927	3.94808810183178	4.87078760499884	3.04920806343859	3.27152526804083	4.5004557697285	4.87115431720914	3.49934563463643
"Arizona"	2.29351973649129	2.70064289655966	0	2.71775829723225	1.31048421921514	1.36503069646576	3.26285754034016	1.90936962684337	1.7493928368164	2.78719634052629	3.26212083452148	3.5210070583483	1.08255116581279	2.64074862860711	4.11575128375824	2.77628383393537	3.35676808507719	2.21785188456639	4.29619032414777	1.21173556211688	2.51622809360829	1.19409059200079	3.53884502148317	3.45514059585888	1.59587307425308	3.32708692946999	3.16417909042974	1.92602918454497	4.24304105164048	2.17557867055823	1.0376847614531	1.07252193235388	3.14789467161572	4.93198435605263	2.35857050787161	2.26483769921117	2.00086643223924	2.91889071097506	3.05701509280794	2.79920413881478	4.10200986341103	2.29898464080817	1.64485743320623	2.52444306179554	5.10036646878496	2.31065504695391	2.13991167857736	4.49741896130618	3.94258665826913	2.69230276900574
"Arkansas"	1.28981017284055	2.82603861936663	2.71775829723225	0	3.76364089154355	2.83105117148816	2.60763947462914	1.8003239168936	3.37219679559589	2.2117614409108	2.97230966892757	1.76872550248124	2.46264237833414	1.44505034478784	2.42526606671928	1.57184112760959	1.05981039801415	2.02542762526092	2.36218926513618	2.05822437915713	2.68812701841293	2.58950500494808	2.33009919729741	1.93186314323828	1.67175003435494	1.22900656689618	1.72404949927543	3.70867874875128	2.49498608118673	2.73984782384275	2.31831960129393	2.74786255282902	2.07179380499024	2.87564922035586	1.96171040968689	1.42245743694292	1.84776257237812	1.97399857298414	3.08834296946717	1.70741950396584	1.87248224937946	1.42544860096344	2.35055449807642	2.60498553603631	2.74429843402139	0.997103491446316	2.13134020800635	1.99516911800767	2.6102451167165	0.991263944293741
"California"	3.26311035358017	3.01254149495377	1.31048421921514	3.76364089154355	0	1.28761853698633	4.06638980748266	3.07378515375805	2.02500385290933	3.37805849768418	3.65890825349863	4.48794355871398	1.91174694544845	3.40612732755404	4.97085913954146	3.60717254568072	4.24638087166464	3.01766254948883	5.26998426772566	2.23125814836469	3.2156499408636	1.51467385638904	4.31231343061002	4.42007357714693	2.28917510192204	4.2494176008424	4.01972420956791	1.19682607716751	5.1270891795146	2.74630229565595	1.80102009453289	1.67870694951062	4.28025689376241	5.86606989575622	3.01334254667572	3.14887119906526	2.65740190687965	3.71445621461279	3.88839954367389	3.7546958687924	5.0529152935611	3.01192668074371	2.16981558525964	3.0701663313007	6.03235037010493	3.21597227544868	2.77467195211182	5.48835647890348	4.73549600229906	3.72427656125472
"Colorado"	2.65106729715113	2.32651868894905	1.36503069646576	2.83105117148816	1.28761853698633	0	3.327991988598	2.55474560995673	2.44585996576722	2.86491046828556	2.82335236207216	3.47676847990334	1.78983221851673	2.36556222259057	3.94068978471594	2.62722810784659	3.22740128370182	2.6546742913707	4.27134406914652	1.96675623844176	2.65227933839386	1.23631082574656	3.32838525715453	3.84910421846981	1.31274059190031	3.18453384924526	3.00346127822579	1.39885947095838	4.1126286721686	2.32298698476194	1.54674385989888	1.7363385352043	3.86492749180889	4.80140191639582	2.11882359318861	2.22639662871481	1.53319798066796	2.85417088996652	3.48107387346011	3.21311368594155	3.96673182268254	2.19721106569976	1.79471988424671	2.24612279649969	4.89247348817113	2.2622538939943	1.78979200257711	4.42103745835366	3.78469174301554	2.82114918764207
"Connecticut"	3.2152974808857	4.73991249373856	3.26285754034016	2.60763947462914	4.06638980748266	3.327991988598	0	1.75684749465021	4.47007008484581	3.97382268878432	1.3843290879405	1.63542141481308	2.74005596152635	1.61478981741203	1.54700888098875	1.22804236682058	2.33463858577391	3.53294091397239	1.87921413551988	3.49682688118992	0.946819860808185	3.70378698866637	0.984379319534836	4.17626314253223	2.43832271782421	1.85843281050339	1.21169494314303	4.58681491846023	1.61689995925454	1.61088225198221	3.62336586846049	3.02391738230134	4.18946041891164	2.50998380282776	1.44436707535805	1.45106229768798	2.1756953954283	0.87214906126639	1.07561146758438	4.012795435858	2.23974244377486	3.23023745325207	2.8734475193312	1.28259065854994	3.20661516225575	1.92770040780402	1.69634861043052	2.71175900742527	1.03545970319198	1.62185729809735
"Delaware"	2.01929271541135	3.62136333719415	1.90936962684337	1.8003239168936	3.07378515375805	2.55474560995673	1.75684749465021	0	3.06141702439518	2.98387151257325	2.47488073347208	2.03825403521144	1.55847190642323	1.69733402373404	2.60686060564974	1.55108639143357	2.25149390927766	2.3266996333814	2.65608080252996	1.96248344787219	1.43825273575367	2.51652924629082	2.16529296493069	3.05106275456625	1.67232814703564	2.03068504571202	1.81134303084788	3.59208967000833	2.67442329782508	1.58087187244224	2.22716498229782	1.89921058029771	2.74752864016719	3.36152392663069	1.58385152809884	1.18029288744088	1.77427779789198	1.58948499665726	1.62304947693353	2.70396673634565	2.6722813015655	2.31950695126345	2.00313654184087	1.80809308958994	3.71446526707285	1.40882300893392	1.63501703693956	3.0381600784008	2.44105073326027	1.25862245073971
"Florida"	2.29813525732297	2.99676416049307	1.7493928368164	3.37219679559589	2.02500385290933	2.44585996576722	4.47007008484581	3.06141702439518	0	2.18129576943466	4.35963384933638	4.69998271549352	1.77118632513697	3.61507776481399	5.26827649575872	3.84245575824718	3.94749828144111	1.75296772670897	5.39467984993681	1.43552035801255	3.77530869513786	1.33570195404798	4.76352515695103	3.08866730690839	2.51824657414203	4.26964761024492	4.30828942919869	1.95003884851773	5.37780743291692	3.19005961304029	1.29657976018825	1.57309696746171	2.99941882914257	6.03566134947544	3.38973045157511	3.35534714394899	3.33997184962709	3.93898691371043	4.23148706693009	2.52959118248042	5.10151408402267	2.39922853085111	1.85379841079867	3.92745276554473	6.07664156265458	3.15155867837159	3.55706660070187	5.3004066917485	5.10853700933862	3.63258110561728
"Georgia"	1.13143510536774	2.81943878530311	2.78719634052629	2.2117614409108	3.37805849768418	2.86491046828556	3.97382268878432	2.98387151257325	2.18129576943466	0	3.81052181574617	3.80057146244783	2.31357777405165	2.69241425280042	4.25178886029257	3.00714741431642	2.44081978943021	0.859254437412296	4.33342172880131	1.83886914929921	3.67067077577757	1.9185489348487	3.9621842005964	1.58285941983152	2.10219087872933	3.09672883650786	3.42955099252585	2.90230406412463	4.34273510852909	3.19893495371851	1.90153836670312	2.36344980740699	2.33513065935795	4.85967575360637	2.80432076497485	2.7121515260645	2.99988776485233	3.18179806201744	4.18320747479255	1.39700744957693	3.87297454848131	1.01222520768599	1.75755592265553	3.71839942848709	4.70915377177581	2.22495593669992	3.30164694814705	3.85453310307334	4.22816107351913	2.73290621711696
"Hawaii"	3.38853004194038	4.53013401465088	3.26212083452148	2.97230966892757	3.65890825349863	2.82335236207216	1.3843290879405	2.47488073347208	4.35963384933638	3.81052181574617	0	2.36581013900931	2.73297564582621	1.54607265197373	2.15645753190828	1.46487663153016	2.52033450336294	3.5687157481496	2.71605579777443	3.61486699941624	1.32766756932781	3.41234723329251	1.46738495733456	4.47772227398204	2.18324799246649	2.24888005833551	1.66286571240945	4.02819742459165	2.3112009229553	1.50504998741689	3.55060877587259	2.90558028303519	4.73305170509741	3.19749059822567	1.14943126234866	1.6585735917931	2.0031861204516	1.2119255605176	2.05909805579744	4.25312136076972	2.80448909644698	3.07473749578437	2.59016961709293	1.07097197299987	3.72083471452825	2.04792381433327	1.54529005118189	3.28318741588714	1.66669701090547	2.1883413624526
"Idaho"	2.91466233830739	4.05805549796225	3.5210070583483	1.76872550248124	4.48794355871398	3.47676847990334	1.63542141481308	2.03825403521144	4.69998271549352	3.80057146244783	2.36581013900931	0	3.27289454456017	1.49233507363126	0.858496190909323	1.2103117998291	1.6565236021215	3.52837717189135	0.848611217828877	3.40145837418467	2.22010195388714	3.77753010264934	1.0124936008501	3.60029463738857	2.46971817285187	0.828693622706567	0.751501385946246	4.73002277086183	0.924956262096299	2.7425260291044	3.58834764306307	3.59103188226713	3.59295918149815	1.4144556804826	1.96473268534886	1.51681108317309	1.9757246504767	1.51718664582618	2.45927048489255	3.45499587170954	0.807029037283131	2.9234394669972	3.31721804827946	2.02686630886118	1.77974621980418	1.69992891167052	1.88619208331629	1.4398440372184	1.2105400842736	1.1687896090814
"Illinois"	1.87349930291268	3.26706261237309	1.08255116581279	2.46264237833414	1.91174694544845	1.78983221851673	2.74005596152635	1.55847190642323	1.77118632513697	2.31357777405165	2.73297564582621	3.27289454456017	0	2.20270812845136	3.73800702372633	2.3228504925071	2.84788827879229	1.6535178158498	3.93420337018868	1.34299966070322	2.00809824539605	1.39590896993949	3.1558788456642	3.08694774119724	1.35529730960067	2.96590430905125	2.79621961556168	2.38917534894238	3.84906241328061	1.45627751725074	1.33932757595308	0.350218756601623	3.01243114153476	4.61396151591628	1.81249807922987	1.84398604592818	2.07434336286773	2.31341873090162	2.50577612262735	2.61636797071939	3.80047084269671	1.94783534551498	0.824135158162037	2.27716315540805	4.86244021542998	1.86249598315508	2.06129619821165	4.114808219574	3.47906368201055	2.2643573885027
"Indiana"	2.07614105253149	3.36559522123349	2.64074862860711	1.44505034478784	3.40612732755404	2.36556222259057	1.61478981741203	1.69733402373404	3.61507776481399	2.69241425280042	1.54607265197373	1.49233507363126	2.20270812845136	0	1.77865475239778	0.42877117242016	1.17905523317923	2.49575468971193	2.10291581993484	2.54308777569872	1.66156946491915	2.61184714549217	1.31848655675295	3.08590682668992	1.2203930688541	1.0033430895464	0.857042893990968	3.52786333783561	1.92787356656363	1.76383322766706	2.59099927445264	2.46285267360859	3.34375484353859	2.65879322597656	0.697631988864901	0.530325907996572	1.17808147820237	0.841289957946828	2.33356088576963	2.84698423208691	1.84117354031241	1.81003157444045	2.00357621684334	1.40196661767287	2.86679832343862	0.612724611723039	1.1405745770443	2.24785627927724	1.68061291513069	0.889878301250548
"Iowa"	3.48789515704093	4.72519095496819	4.11575128375824	2.42526606671928	4.97085913954146	3.94068978471594	1.54700888098875	2.60686060564974	5.26827649575872	4.25178886029257	2.15645753190828	0.858496190909323	3.73800702372633	1.77865475239778	0	1.46992647637916	1.94264729155836	4.03596142353631	0.645715762772523	4.06424477313903	2.3510287414748	4.32486362298514	0.764438449042278	4.16032716145329	2.93985456888025	1.24035614305677	0.982181947773529	5.22273123445151	0.205853857157348	2.91229788944343	4.21313944630984	4.04115862432302	4.29739733298897	1.05343745708741	2.16102417242198	1.93914457070547	2.46622949697754	1.57088946564334	2.54536862897466	4.1015324059647	0.988670576386003	3.41763293301342	3.69624433102833	2.16820691617036	1.72984254938142	2.17049836303332	2.25028318355521	1.52568900383669	0.631806857971221	1.71946825785897
"Kansas"	2.29410956186084	3.6808172582923	2.77628383393537	1.57184112760959	3.60717254568072	2.62722810784659	1.22804236682058	1.55108639143357	3.84245575824718	3.00714741431642	1.46487663153016	1.2103117998291	2.3228504925071	0.42877117242016	1.46992647637916	0	1.30201799786216	2.72841263122209	1.79137529462529	2.74009429156933	1.43434011383891	2.90209203122385	0.974587228591725	3.26837398800941	1.5192716938334	0.917046601857262	0.527909209152192	3.83917280834414	1.60840913460084	1.70710342845211	2.83563727724874	2.60960158236519	3.43876345777969	2.3970805358201	0.781699980471995	0.519872799935532	1.34268895461551	0.545683975740423	2.00870208577581	3.06093328629172	1.6701106275932	2.15330604740242	2.23782891341924	1.27516033390176	2.72983774838884	0.835194945270561	1.15791179083636	2.12446739656753	1.32429467151592	0.758872807411114
"Kentucky"	1.8475878756292	3.54409029440551	3.35676808507719	1.05981039801415	4.24638087166464	3.22740128370182	2.33463858577391	2.25149390927766	3.94749828144111	2.44081978943021	2.52033450336294	1.6565236021215	2.84788827879229	1.17905523317923	1.94264729155836	1.30201799786216	0	2.4221964340199	1.99258552156211	2.82294793136218	2.62844511524259	3.11634942028487	1.93336403988126	2.38988835677781	1.9677184145244	0.852370175601102	1.42194291379196	4.16442858874248	2.00935578994076	2.69148281572321	3.00073320061877	3.12133662085195	2.87980798500184	2.44825626670646	1.77267202974669	1.46234829698368	2.13886768993093	1.59440974082629	3.0457816393012	2.41663850793922	1.51149901563111	1.74899415816132	2.52978392967471	2.54617451739811	2.3888326219842	1.09186240041721	2.26302421304787	1.5236299073121	2.09502121670483	1.06944075163702
"Louisiana"	0.772222449786047	2.96314307441838	2.21785188456639	2.02542762526092	3.01766254948883	2.6546742913707	3.53294091397239	2.3266996333814	1.75296772670897	0.859254437412296	3.5687157481496	3.52837717189135	1.6535178158498	2.49575468971193	4.03596142353631	2.72841263122209	2.4221964340199	0	4.09019243671965	1.27391366651375	3.1524548680908	1.66779985086599	3.69059735278451	1.62688791925558	1.83621723357102	2.94447562177746	3.17063329115891	2.8410670389323	4.11681220865017	2.68263801418808	1.49116559089746	1.74950961608871	1.98686176739491	4.69778464425115	2.49969689272179	2.35355656831889	2.74905923560137	2.84408452714146	3.56480468802828	1.31519076010801	3.74575546158608	1.12985341496797	1.33252848795727	3.3440989564844	4.67959333271668	1.95540789416817	2.97056224416038	3.79472153743676	3.95591835967976	2.38370774507092
"Maine"	3.48511145871466	4.83226054122342	4.29619032414777	2.36218926513618	5.26998426772566	4.27134406914652	1.87921413551988	2.65608080252996	5.39467984993681	4.33342172880131	2.71605579777443	0.848611217828877	3.93420337018868	2.10291581993484	0.645715762772523	1.79137529462529	1.99258552156211	4.09019243671965	0	4.12590827638711	2.69202824759332	4.5333420292906	1.29803617079817	4.00145911983446	3.20559548240031	1.32711986068315	1.32189066302025	5.51531385743168	0.499597073698805	3.25324593537973	4.34605377563256	4.25959036525204	4.06316533196089	0.730560872866346	2.54557519238488	2.19298249604453	2.78133723879219	1.91975708952102	2.73310791023458	4.00155752250733	0.781299054961465	3.54204691266695	3.93862964687704	2.62180868743136	1.42536800336297	2.34746503395478	2.62925464667193	1.18181196251653	1.14858296430567	1.7665064132003
"Maryland"	1.28964604942115	2.27775897598654	1.21173556211688	2.05822437915713	2.23125814836469	1.96675623844176	3.49682688118992	1.96248344787219	1.43552035801255	1.83886914929921	3.61486699941624	3.40145837418467	1.34299966070322	2.54308777569872	4.06424477313903	2.74009429156933	2.82294793136218	1.27391366651375	4.12590827638711	0	2.97431925429682	1.08009876392544	3.6448928834786	2.29922400874549	1.57057546998129	3.02494557035675	3.13090651709349	2.25513371470934	4.16637444492026	2.62634556603947	0.535389255696797	1.43621695281939	2.05423554935049	4.74230302961543	2.50616942460521	2.2492942287337	2.24663294214153	2.95855386557641	3.43791461305639	1.61655815826398	3.79918962646062	1.52024309292197	1.54318678005392	3.0338000971742	4.74305757738435	2.01244199215681	2.54349114748285	4.02515617987589	4.00914859670617	2.40412944160282
"Massachusetts"	2.9874810123283	4.37299248196115	2.51622809360829	2.68812701841293	3.2156499408636	2.65227933839386	0.946819860808185	1.43825273575367	3.77530869513786	3.67067077577757	1.32766756932781	2.22010195388714	2.00809824539605	1.66156946491915	2.3510287414748	1.43434011383891	2.62844511524259	3.1524548680908	2.69202824759332	2.97431925429682	0	3.05769153867929	1.65872446073456	4.12172479351581	1.98105312513271	2.29190462762678	1.68638057326016	3.85560489035556	2.45735238988619	0.797764154308547	3.02747013609316	2.24794368471079	4.07734011726751	3.34469026741189	1.15679600231641	1.33832326301457	1.87092520450258	1.13378831035517	0.944094027324118	3.83104249774721	2.89251360011626	2.96788433260595	2.25939782667514	0.901580902238592	3.92776254091079	1.85037948273062	1.34729936375629	3.37827522053716	1.88827041552981	1.82015804497988
"Michigan"	1.88147705864358	2.11549370059835	1.19409059200079	2.58950500494808	1.51467385638904	1.23631082574656	3.70378698866637	2.51652924629082	1.33570195404798	1.9185489348487	3.41234723329251	3.77753010264934	1.39590896993949	2.61184714549217	4.32486362298514	2.90209203122385	3.11634942028487	1.66779985086599	4.5333420292906	1.08009876392544	3.05769153867929	0	3.79951007726717	2.97228239925756	1.40688404784086	3.33489077947312	3.34789880484179	1.26094171742291	4.46461719819803	2.56784400196481	0.578247441999442	1.28974530544926	3.02320209247477	5.11719388893825	2.44598554527331	2.43367425265834	2.1626273829563	3.10485415301526	3.73205012688522	2.32333631413151	4.17447243609398	1.59701956931995	1.28886208609474	2.94414214144379	5.12507780829662	2.24399572510153	2.47152148096601	4.46683461168633	4.20343338210481	2.83245730926085
"Minnesota"	3.23143379497363	4.42666059294602	3.53884502148317	2.33009919729741	4.31231343061002	3.32838525715453	0.984379319534836	2.16529296493069	4.76352515695103	3.9621842005964	1.46738495733456	1.0124936008501	3.1558788456642	1.31848655675295	0.764438449042278	0.974587228591725	1.93336403988126	3.69059735278451	1.29803617079817	3.6448928834786	1.65872446073456	3.79951007726717	0	4.10676003411486	2.40887948643083	1.26626346550008	0.608341468613526	4.63911141356054	0.9279247446304	2.22541509858169	3.73776754580343	3.43915958401968	4.22196217209908	1.80657310768412	1.52162928601859	1.41984342237492	1.92700995803509	1.01066128846317	2.03105921053497	3.94846295659593	1.49903171238386	3.10232381806908	3.14382635836875	1.41771468815281	2.40199240469916	1.79322328785168	1.59554184854304	2.07917052239988	0.494083187830451	1.48459674494972
"Mississippi"	1.28319066092288	3.2554325818601	3.45514059585888	1.93186314323828	4.42007357714693	3.84910421846981	4.17626314253223	3.05106275456625	3.08866730690839	1.58285941983152	4.47772227398204	3.60029463738857	3.08694774119724	3.08590682668992	4.16032716145329	3.26837398800941	2.38988835677781	1.62688791925558	4.00145911983446	2.29922400874549	4.12172479351581	2.97228239925756	4.10676003411486	0	2.86929463365984	3.00152548742391	3.52695650926409	4.10647930749046	4.18959364519345	3.88943235032818	2.65573499961762	3.26558218727079	1.18268909786155	4.47530780379421	3.41489874752728	3.04661400922003	3.50337737821563	3.49717461065576	4.3875000967683	0.786567350290742	3.53551863130033	1.82695694778827	2.84317265187283	4.25711732959632	4.20466598108867	2.53830525924538	3.81404038498661	3.32811291493351	4.29879739268188	2.68132791058227
"Missouri"	1.6309686187389	2.53605727907396	1.59587307425308	1.67175003435494	2.28917510192204	1.31274059190031	2.43832271782421	1.67232814703564	2.51824657414203	2.10219087872933	2.18324799246649	2.46971817285187	1.35529730960067	1.2203930688541	2.93985456888025	1.5192716938334	1.9677184145244	1.83621723357102	3.20559548240031	1.57057546998129	1.98105312513271	1.40688404784086	2.40887948643083	2.86929463365984	0	2.03136490612181	1.96517982679678	2.34890026042298	3.0885709743909	1.70795548282378	1.45790574740359	1.52847640849226	3.02248488110813	3.78112734201746	1.13274249602129	1.09276538198966	0.997417113110222	1.7793568328501	2.74750025031762	2.38460008301955	2.88624484816953	1.24138741131239	1.16541710528582	1.74789092952157	3.88033940182518	0.978730973953467	1.25027523499501	3.25380437469378	2.81715346164967	1.60738603837132
"Montana"	2.33172708344499	3.65759878989531	3.32708692946999	1.22900656689618	4.2494176008424	3.18453384924526	1.85843281050339	2.03068504571202	4.26964761024492	3.09672883650786	2.24888005833551	0.828693622706567	2.96590430905125	1.0033430895464	1.24035614305677	0.917046601857262	0.852370175601102	2.94447562177746	1.32711986068315	3.02494557035675	2.29190462762678	3.33489077947312	1.26626346550008	3.00152548742391	2.03136490612181	0	0.738993588868799	4.3243111917781	1.33295040067908	2.59124311712373	3.19158714071297	3.26626614685866	3.22092670486567	1.82911574516672	1.64363362883016	1.22253152022432	1.80446217984342	1.32464453390115	2.68885764359364	2.90243021279129	0.885714854180501	2.24940227075297	2.82989911431599	2.09563685444421	1.92613504970267	1.15566819027622	1.84426907259079	1.27581931282072	1.491636516164	0.815007147473305
"Nebraska"	2.66251695737229	3.9136902070366	3.16417909042974	1.72404949927543	4.01972420956791	3.00346127822579	1.21169494314303	1.81134303084788	4.30828942919869	3.42955099252585	1.66286571240945	0.751501385946246	2.79621961556168	0.857042893990968	0.982181947773529	0.527909209152192	1.42194291379196	3.17063329115891	1.32189066302025	3.13090651709349	1.68638057326016	3.34789880484179	0.608341468613526	3.52695650926409	1.96517982679678	0.738993588868799	0	4.26289163749177	1.13007197787139	2.12463769559069	3.24940883333137	3.09253399556964	3.65001857027843	1.90387404114285	1.26545104853851	0.967480866472721	1.57279095435387	0.848305814187083	2.13039725903085	3.35172262252743	1.25914190284663	2.55268335044103	2.75687511317593	1.45730121059847	2.29522869690842	1.2472261707806	1.38599851208985	1.81178333855718	0.971987656909996	0.926820247830764
"Nevada"	3.10243049531223	2.34431815707173	1.92602918454497	3.70867874875128	1.19682607716751	1.39885947095838	4.58681491846023	3.59208967000833	1.95003884851773	2.90230406412463	4.02819742459165	4.73002277086183	2.38917534894238	3.52786333783561	5.22273123445151	3.83917280834414	4.16442858874248	2.8410670389323	5.51531385743168	2.25513371470934	3.85560489035556	1.26094171742291	4.63911141356054	4.10647930749046	2.34890026042298	4.3243111917781	4.26289163749177	0	5.38714271230601	3.34642137521939	1.72348387468221	2.16741479813857	4.17734367702635	6.05194446081526	3.29307119716495	3.41086961110357	2.85812802149502	4.03926944919831	4.61853300166234	3.44277007193547	5.14167722045835	2.66662676527214	2.2765693100241	3.58689749258774	6.04378452098648	3.30018497269958	3.15708051704818	5.49631933503977	5.07517364462981	3.92027160973998
"New Hampshire"	3.56198253502473	4.8650685861264	4.24304105164048	2.49498608118673	5.1270891795146	4.1126286721686	1.61689995925454	2.67442329782508	5.37780743291692	4.34273510852909	2.3112009229553	0.924956262096299	3.84906241328061	1.92787356656363	0.205853857157348	1.60840913460084	2.00935578994076	4.11681220865017	0.499597073698805	4.16637444492026	2.45735238988619	4.46461719819803	0.9279247446304	4.18959364519345	3.0885709743909	1.33295040067908	1.13007197787139	5.38714271230601	0	3.02691976038744	4.33608088842433	4.15864153126749	4.31571117043056	0.923189435211784	2.30954945989231	2.06970978771076	2.63771907695265	1.68220354213234	2.58131989447064	4.15969142191967	0.98746109625255	3.52984302375893	3.81782581044681	2.33048726212021	1.67161274849609	2.28780849761177	2.42149870010661	1.46489244469631	0.715562834170795	1.7950754009006
"New Jersey"	2.69802295589899	4.17918324709215	2.17557867055823	2.73984782384275	2.74630229565595	2.32298698476194	1.61088225198221	1.58087187244224	3.19005961304029	3.19893495371851	1.50504998741689	2.7425260291044	1.45627751725074	1.76383322766706	2.91229788944343	1.70710342845211	2.69148281572321	2.68263801418808	3.25324593537973	2.62634556603947	0.797764154308547	2.56784400196481	2.22541509858169	3.88943235032818	1.70795548282378	2.59124311712373	2.12463769559069	3.34642137521939	3.02691976038744	0	2.62080868730267	1.63447435389833	3.94188239585478	3.91662048838972	1.10998231884646	1.47111833247069	1.97388543944198	1.42160584675898	1.46683777170002	3.58267259090027	3.3318222340868	2.633970749766	1.62265247958561	1.31418431052292	4.40054164699477	1.82556012046172	1.57595391049362	3.74021206691068	2.46712116591414	2.03721274334189
"New Mexico"	1.59939704172216	2.05808885539426	1.0376847614531	2.31831960129393	1.80102009453289	1.54674385989888	3.62336586846049	2.22716498229782	1.29657976018825	1.90153836670312	3.55060877587259	3.58834764306307	1.33932757595308	2.59099927445264	4.21313944630984	2.83563727724874	3.00073320061877	1.49116559089746	4.34605377563256	0.535389255696797	3.02747013609316	0.578247441999442	3.73776754580343	2.65573499961762	1.45790574740359	3.19158714071297	3.24940883333137	1.72348387468221	4.33608088842433	2.62080868730267	0	1.33240956669288	2.53483339783519	4.9450519466929	2.49609043716621	2.34262517954621	2.15531304582288	3.06199147154676	3.60329661706506	1.95963428974948	3.99695128818962	1.55283042292852	1.44182408971042	2.9843796127671	4.94168254538073	2.13415617229448	2.47960565593684	4.26813248397626	4.13277584413843	2.62867218857947
"New York"	2.07236799244856	3.29037689193455	1.07252193235388	2.74786255282902	1.67870694951062	1.7363385352043	3.02391738230134	1.89921058029771	1.57309696746171	2.36344980740699	2.90558028303519	3.59103188226713	0.350218756601623	2.46285267360859	4.04115862432302	2.60960158236519	3.12133662085195	1.74950961608871	4.25959036525204	1.43621695281939	2.24794368471079	1.28974530544926	3.43915958401968	3.26558218727079	1.52847640849226	3.26626614685866	3.09253399556964	2.16741479813857	4.15864153126749	1.63447435389833	1.33240956669288	0	3.21639984375062	4.93252920784793	2.0434995155476	2.13671084449832	2.27277177883837	2.59493742019499	2.76825427514845	2.77556337461267	4.11246933585328	2.08479314027652	0.845769739265785	2.48269841858509	5.17047617955275	2.14392065925092	2.27479650433424	4.42796080144009	3.7687072644735	2.58904413279858
"North Carolina"	1.60436621375037	3.24030706134895	3.14789467161572	2.07179380499024	4.28025689376241	3.86492749180889	4.18946041891164	2.74752864016719	2.99941882914257	2.33513065935795	4.73305170509741	3.59295918149815	3.01243114153476	3.34375484353859	4.29739733298897	3.43876345777969	2.87980798500184	1.98686176739491	4.06316533196089	2.05423554935049	4.07734011726751	3.02320209247477	4.22196217209908	1.18268909786155	3.02248488110813	3.22092670486567	3.65001857027843	4.17734367702635	4.31571117043056	3.94188239585478	2.53483339783519	3.21639984375062	0	4.58367874231957	3.62056926675756	3.13666388069491	3.50951911913656	3.68039560948198	4.21857889483841	1.04763127263015	3.69553868972119	2.33746531357676	3.0857436339002	4.26808228348392	4.38800335572314	2.75175226405413	3.80556844518163	3.59780578436598	4.44294558006914	2.75011410392697
"North Dakota"	4.06149882421799	5.21102541317751	4.93198435605263	2.87564922035586	5.86606989575622	4.80140191639582	2.50998380282776	3.36152392663069	6.03566134947544	4.85967575360637	3.19749059822567	1.4144556804826	4.61396151591628	2.65879322597656	1.05343745708741	2.3970805358201	2.44825626670646	4.69778464425115	0.730560872866346	4.74230302961543	3.34469026741189	5.11719388893825	1.80657310768412	4.47530780379421	3.78112734201746	1.82911574516672	1.90387404114285	6.05194446081526	0.923189435211784	3.91662048838972	4.9450519466929	4.93252920784793	4.58367874231957	0	3.14482788906704	2.82466901841906	3.28620710198566	2.55551372564473	3.40423001690297	4.51041718662188	1.03249436809365	4.06231488059152	4.57494222121511	3.17382121069112	0.982485681621528	2.94434614024863	3.17259093632332	1.27168083812686	1.62163394503461	2.4170756604956
"Ohio"	2.26985190427467	3.59033477131152	2.35857050787161	1.96171040968689	3.01334254667572	2.11882359318861	1.44436707535805	1.58385152809884	3.38973045157511	2.80432076497485	1.14943126234866	1.96473268534886	1.81249807922987	0.697631988864901	2.16102417242198	0.781699980471995	1.77267202974669	2.49969689272179	2.54557519238488	2.50616942460521	1.15679600231641	2.44598554527331	1.52162928601859	3.41489874752728	1.13274249602129	1.64363362883016	1.26545104853851	3.29307119716495	2.30954945989231	1.10998231884646	2.49609043716621	2.0434995155476	3.62056926675756	3.14482788906704	0	0.648390312283983	1.24076067060913	0.778129827091505	1.96597466191378	3.12898844591371	2.43942499580556	2.01678041751141	1.6711509897134	1.01542229375311	3.48258590243664	0.977438846947995	0.972501274798332	2.86503707097011	1.86498009205068	1.30864799429998
"Oklahoma"	1.95708743480416	3.34166639950599	2.26483769921117	1.42245743694292	3.14887119906526	2.22639662871481	1.45106229768798	1.18029288744088	3.35534714394899	2.7121515260645	1.6585735917931	1.51681108317309	1.84398604592818	0.530325907996572	1.93914457070547	0.519872799935532	1.46234829698368	2.35355656831889	2.19298249604453	2.2492942287337	1.33832326301457	2.43367425265834	1.41984342237492	3.04661400922003	1.09276538198966	1.22253152022432	0.967480866472721	3.41086961110357	2.06970978771076	1.47111833247069	2.34262517954621	2.13671084449832	3.13666388069491	2.82466901841906	0.648390312283983	0	1.07340818444544	0.818022050961773	1.9746698625437	2.74709306374716	2.03404861647288	1.85002963320949	1.83126545484625	1.23729155090882	3.1010306384645	0.564625410015414	0.958652516945068	2.46317357146244	1.79168289733481	0.736646538181826
"Oregon"	2.37056783153839	2.69906961623322	2.00086643223924	1.84776257237812	2.65740190687965	1.53319798066796	2.1756953954283	1.77427779789198	3.33997184962709	2.99988776485233	2.0031861204516	1.9757246504767	2.07434336286773	1.17808147820237	2.46622949697754	1.34268895461551	2.13886768993093	2.74905923560137	2.78133723879219	2.24663294214153	1.87092520450258	2.1626273829563	1.92700995803509	3.50337737821563	0.997417113110222	1.80446217984342	1.57279095435387	2.85812802149502	2.63771907695265	1.97388543944198	2.15531304582288	2.27277177883837	3.50951911913656	3.28620710198566	1.24076067060913	1.07340818444544	0	1.72937324836492	2.66213706310763	3.01344528940393	2.49888701428267	2.03067582621302	2.1052999678839	1.28251515763836	3.42627886949403	1.26644296477093	0.593534342646989	3.03498553534558	2.40887002090557	1.60130150170947
"Pennsylvania"	2.51613396107214	4.12395365300053	2.91889071097506	1.97399857298414	3.71445621461279	2.85417088996652	0.87214906126639	1.58948499665726	3.93898691371043	3.18179806201744	1.2119255605176	1.51718664582618	2.31341873090162	0.841289957946828	1.57088946564334	0.545683975740423	1.59440974082629	2.84408452714146	1.91975708952102	2.95855386557641	1.13378831035517	3.10485415301526	1.01066128846317	3.49717461065576	1.7793568328501	1.32464453390115	0.848305814187083	4.03926944919831	1.68220354213234	1.42160584675898	3.06199147154676	2.59493742019499	3.68039560948198	2.55551372564473	0.778129827091505	0.818022050961773	1.72937324836492	0	1.63692552432453	3.34296416486288	1.97907140959821	2.43431138013357	2.24607050562971	1.25290776629177	3.02705723950554	1.17692359193755	1.39933233941995	2.37992777501428	1.22046583292466	1.06846045981852
"Rhode Island"	3.39512971826095	5.06295722792051	3.05701509280794	3.08834296946717	3.88839954367389	3.48107387346011	1.07561146758438	1.62304947693353	4.23148706693009	4.18320747479255	2.05909805579744	2.45927048489255	2.50577612262735	2.33356088576963	2.54536862897466	2.00870208577581	3.0457816393012	3.56480468802828	2.73310791023458	3.43791461305639	0.944094027324118	3.73205012688522	2.03105921053497	4.3875000967683	2.74750025031762	2.68885764359364	2.13039725903085	4.61853300166234	2.58131989447064	1.46683777170002	3.60329661706506	2.76825427514845	4.21857889483841	3.40423001690297	1.96597466191378	1.9746698625437	2.66213706310763	1.63692552432453	0	4.18613201531783	3.1262711969362	3.57438614244421	2.87579964584594	1.75658448373436	4.11041654272829	2.43301330482083	2.17435248830088	3.54008583746813	2.07795259571564	2.17268066115345
"South Carolina"	0.915796836825177	2.56405415832612	2.79920413881478	1.70741950396584	3.7546958687924	3.21311368594155	4.012795435858	2.70396673634565	2.52959118248042	1.39700744957693	4.25312136076972	3.45499587170954	2.61636797071939	2.84698423208691	4.1015324059647	3.06093328629172	2.41663850793922	1.31519076010801	4.00155752250733	1.61655815826398	3.83104249774721	2.32333631413151	3.94846295659593	0.786567350290742	2.38460008301955	2.90243021279129	3.35172262252743	3.44277007193547	4.15969142191967	3.58267259090027	1.95963428974948	2.77556337461267	1.04763127263015	4.51041718662188	3.12898844591371	2.74709306374716	3.01344528940393	3.34296416486288	4.18613201531783	0	3.52159779901378	1.43751198134743	2.45322761014803	3.89123165723538	4.26689772773617	2.26365383025504	3.38023142060076	3.46516795622142	4.21909730429945	2.50590560722209
"South Dakota"	3.08355866004516	4.24671980667752	4.10200986341103	1.87248224937946	5.0529152935611	3.96673182268254	2.23974244377486	2.6722813015655	5.10151408402267	3.87297454848131	2.80448909644698	0.807029037283131	3.80047084269671	1.84117354031241	0.988670576386003	1.6701106275932	1.51149901563111	3.74575546158608	0.781299054961465	3.79918962646062	2.89251360011626	4.17447243609398	1.49903171238386	3.53551863130033	2.88624484816953	0.885714854180501	1.25914190284663	5.14167722045835	0.98746109625255	3.3318222340868	3.99695128818962	4.11246933585328	3.69553868972119	1.03249436809365	2.43942499580556	2.03404861647288	2.49888701428267	1.97907140959821	3.1262711969362	3.52159779901378	0	3.05899383736744	3.71010388557824	2.68233820539187	1.08565741587728	2.0316897388824	2.50838244354416	0.71088117569639	1.54373746314781	1.56447849147162
"Tennessee"	0.84074892457352	2.33625411232598	2.29898464080817	1.42544860096344	3.01192668074371	2.19721106569976	3.23023745325207	2.31950695126345	2.39922853085111	1.01222520768599	3.07473749578437	2.9234394669972	1.94783534551498	1.81003157444045	3.41763293301342	2.15330604740242	1.74899415816132	1.12985341496797	3.54204691266695	1.52024309292197	2.96788433260595	1.59701956931995	3.10232381806908	1.82695694778827	1.24138741131239	2.24940227075297	2.55268335044103	2.66662676527214	3.52984302375893	2.633970749766	1.55283042292852	2.08479314027652	2.33746531357676	4.06231488059152	2.01678041751141	1.85002963320949	2.03067582621302	2.43431138013357	3.57438614244421	1.43751198134743	3.05899383736744	0	1.47128401024969	2.86781129658042	3.93567208018144	1.35144905757541	2.38095843401753	3.1707450438959	3.42571885185514	1.92986685921554
"Texas"	1.64632252885555	3.15279045389927	1.64485743320623	2.35055449807642	2.16981558525964	1.79471988424671	2.8734475193312	2.00313654184087	1.85379841079867	1.75755592265553	2.59016961709293	3.31721804827946	0.824135158162037	2.00357621684334	3.69624433102833	2.23782891341924	2.52978392967471	1.33252848795727	3.93862964687704	1.54318678005392	2.25939782667514	1.28886208609474	3.14382635836875	2.84317265187283	1.16541710528582	2.82989911431599	2.75687511317593	2.2765693100241	3.81782581044681	1.62265247958561	1.44182408971042	0.845769739265785	3.0857436339002	4.57494222121511	1.6711509897134	1.83126545484625	2.1052999678839	2.24607050562971	2.87579964584594	2.45322761014803	3.71010388557824	1.47128401024969	0	2.40398344191858	4.74444552112469	1.69216252362997	2.16353369491164	3.95865812485133	3.45395146492313	2.2564704493938
"Utah"	3.09060067874644	3.94808810183178	2.52444306179554	2.60498553603631	3.0701663313007	2.24612279649969	1.28259065854994	1.80809308958994	3.92745276554473	3.71839942848709	1.07097197299987	2.02686630886118	2.27716315540805	1.40196661767287	2.16820691617036	1.27516033390176	2.54617451739811	3.3440989564844	2.62180868743136	3.0338000971742	0.901580902238592	2.94414214144379	1.41771468815281	4.25711732959632	1.74789092952157	2.09563685444421	1.45730121059847	3.58689749258774	2.33048726212021	1.31418431052292	2.9843796127671	2.48269841858509	4.26808228348392	3.17382121069112	1.01542229375311	1.23729155090882	1.28251515763836	1.25290776629177	1.75658448373436	3.89123165723538	2.68233820539187	2.86781129658042	2.40398344191858	0	3.65460400415671	1.7612065501388	0.694066716583938	3.26801393170783	1.80822817956251	1.85520364698911
"Vermont"	3.97915271920231	4.87078760499884	5.10036646878496	2.74429843402139	6.03235037010493	4.89247348817113	3.20661516225575	3.71446526707285	6.07664156265458	4.70915377177581	3.72083471452825	1.77974621980418	4.86244021542998	2.86679832343862	1.72984254938142	2.72983774838884	2.3888326219842	4.67959333271668	1.42536800336297	4.74305757738435	3.92776254091079	5.12507780829662	2.40199240469916	4.20466598108867	3.88033940182518	1.92613504970267	2.29522869690842	6.04378452098648	1.67161274849609	4.40054164699477	4.94168254538073	5.17047617955275	4.38800335572314	0.982485681621528	3.48258590243664	3.1010306384645	3.42627886949403	3.02705723950554	4.11041654272829	4.26689772773617	1.08565741587728	3.93567208018144	4.74444552112469	3.65460400415671	0	3.06383365027116	3.48043188322253	1.03805537537225	2.35186370196074	2.62993353552667
"Virginia"	1.48597330807206	3.04920806343859	2.31065504695391	0.997103491446316	3.21597227544868	2.2622538939943	1.92770040780402	1.40882300893392	3.15155867837159	2.22495593669992	2.04792381433327	1.69992891167052	1.86249598315508	0.612724611723039	2.17049836303332	0.835194945270561	1.09186240041721	1.95540789416817	2.34746503395478	2.01244199215681	1.85037948273062	2.24399572510153	1.79322328785168	2.53830525924538	0.978730973953467	1.15566819027622	1.2472261707806	3.30018497269958	2.28780849761177	1.82556012046172	2.13415617229448	2.14392065925092	2.75175226405413	2.94434614024863	0.977438846947995	0.564625410015414	1.26644296477093	1.17692359193755	2.43301330482083	2.26365383025504	2.0316897388824	1.35144905757541	1.69216252362997	1.7612065501388	3.06383365027116	0	1.38092954224385	2.33532102875216	2.12664970356052	0.703830908172413
